1564.0013929 23.951226593 1 11 0 56
2152.5743214 32.039871841 0 43 0 58
1536.0467321 28.47988608 1 99 1 53
2559.6070536 26.397977394 1 0 1 64
1625.7135714 29.721079104 1 52 0 73
2564.27795 31.179138322 1 77 1 62
1897.3478571 34.063609308 0 0 0 64
1867.4058 25.282569899 1 9 1 55
1427.0168929 23.665244362 0 0 0 56
1345.6152821 38.088642659 2 37 1 67
1526.4316857 32.928719008 0 0 0 62
1535.4147286 27.39091856 1 0 0 75
2079.0231071 25.636917161 1 143 0 39
2678.6765714 24.221453287 1 0 0 54
1872.6135714 32.03125 2 34 1 56
1364.6995464 20.796729894 1 24 0 55
1262.3562143 23.355636915 1 0 0 70
2028.9464286 22.582709172 1 63 0 63
1201.9048571 24.9107674 1 107 1 50
2405.2300357 21.484375 0 0 0 54
1632.0714286 26.722872521 1 76 0 71
1796.9904732 28.055705787 2 0 0 66
2187.7301071 26.222684703 1 12 0 57
1635.5852679 23.922423 1 168 0 49
1932.12825 23.108434579 1 99 1 56
1938.1686607 26.769779893 1 37 1 62
1935.2468214 30.043262298 0 0 0 70
1725.1093214 23.738662132 1 0 1 57
1835.99 28.040378145 0 0 0 63
1945.2549286 28.040378145 1 48 0 70
2367.6017143 25.711662075 1 0 0 61
2496.4461964 25.299375949 1 25 0 67
1189.098 23.7332384 1 12 0 66
1230.3382143 28.373702422 1 0 1 54
1778.9965143 23.384353741 1 168 1 67
1476.0046786 22.862368541 1 181 0 60
1305.985 26.218820862 1 48 0 55
1543.2442857 23.233456177 1 129 0 68
1308.4417143 32.466181061 2 24 0 64
1978.6035 35.250761096 0 0 0 56
1638.5028929 22.222222222 1 24 0 69
1321.9317946 19.777698667 1 32 0 63
1574.9686964 25.155895692 0 0 0 60
2554.0776964 25.155895692 1 96 0 51
2596.3702143 26.61934339 1 50 0 62
1857.5542143 21.564544914 2 12 0 50
1114.1341429 23.19109462 1 19 0 68
2020.0786607 20.936639118 1 6 1 56
1609.7695 31.975014872 1 0 1 61
1275.0763393 24.973985432 1 0 1 58
2192.3278929 27.239224483 2 12 1 58
2037.8524286 30.863006828 1 48 0 54
1767.2926518 22.031725685 1 87 1 53
1717.9590929 25.864512472 2 23 0 52
2665.6837857 22.265625 2 193 1 52
1505.0881786 27.885187388 1 18 0 56
2846.3889286 25.155895692 1 475 1 69
2233.0233214 34.293552812 1 24 1 58
2998.9010714 26.314635323 0 12 1 57
2219.65125 23.507805326 1 86 1 55
1683.2642857 23.7332384 0 12 1 64
2984.8713214 27.548209366 1 27 0 61
2387.9078214 27.475629493 2 0 0 61
1736.3963214 31.644317867 1 12 1 57
2625.4301786 25.059307027 2 41 1 54
1852.67675 26.026174896 2 45 1 54
1669.5379286 25 1 63 1 51
1421.851125 34.626038781 1 0 1 53
3130.986625 22.151022507 0 0 1 52
2521.739 23.030045351 1 147 0 52
2091.4426429 22.308149911 1 122 0 56
2535.2141429 23.046875 2 61 1 51
2170.3482143 26.395803401 2 69 1 66
1605.0458929 26.927437642 0 0 0 59
2163.8507857 26.365603029 2 72 0 62
2029.7212054 21.258503401 2 0 0 54
2273.1280357 22.031725685 1 174 1 50
1709.9629732 31.887755102 1 115 0 50
1466.8998571 28.720083247 1 0 0 68
2723.1614214 19.841269841 1 0 0 53
1838.2293571 27.099251007 1 53 0 54
1555.9136071 20.715693809 1 0 0 70
2253.9601964 30.487804878 1 67 0 63
2092.1900179 29.0486565 1 29 0 59
1471.0668571 26.037493991 2 6 1 63
2923.5363929 23.530366343 1 25 1 74
1603.3864071 24.221453287 1 0 0 64
1493.3931429 26.222684703 0 36 1 71
1325.4299286 22.758306782 1 0 0 67
3755.4983214 22.49498753 1 48 0 70
1468.2178214 22.074099723 1 24 1 70
1815.8106214 26.397977394 0 0 0 64
2186.4287143 22.074099723 1 31 1 55
2159.159375 31.245237007 0 51 1 60
1569.5334643 19.814052736 1 410 0 59
2192.8489286 24.034609838 1 118 1 59
3204.3727589 23.507805326 2 0 1 62
3961.7612857 33.834027365 1 0 1 55
1108.462 21.484375 1 45 1 50
1560.4083036 25.390625 1 126 0 55
1719.3435 27.700831025 1 99 1 59
1795.6398929 27.239224483 2 0 1 73
1352.8392143 27.968016064 2 38 1 52
2039.9950357 24.314123966 2 139 0 58
2215.7608214 24.77209671 1 0 0 62
1966.052725 25.654372397 1 12 0 50
1435.9544071 23.661438615 2 96 1 55
1980.4447321 26.573129252 2 96 1 52
3866.5945714 26.297577855 2 61 0 53
1551.3441071 21.926125822 1 154 0 56
2458.3951786 30.11600238 1 102 1 58
2123.1680179 23.030045351 1 0 0 64
2368.8913214 31.231409875 0 0 1 65
2368.4298571 28.409090909 1 48 1 55
1068.21625 19.948059769 1 0 0 65
2269.56425 22.14532872 1 0 0 66
1439.7855357 18.961927424 2 0 1 57
1636.8812143 20.449137418 1 31 0 58
2109.9077321 26.769779893 1 0 0 67
1834.0688571 31.992171327 0 165 1 68
2129.7159571 20.415224913 1 99 1 55
1930.9932857 23.808690172 2 0 0 57
2960.7119286 23.233456177 1 0 1 58
2107.3355 18.256318715 0 48 0 62
1787.9252857 24.243918475 0 0 0 60
2009.6455893 25.951557093 1 7 1 66
2164.4247857 28.075042938 1 0 0 69
1371.1714286 28.256989887 1 0 0 62
1730.8944429 21.484375 0 24 1 66
1266.5877768 23.507805326 1 31 1 69
