1.105 0 0.91 0.24375 0.91 0 0.24375 0.475 0 0 0 0
1.6575 0 0.91 0.91 0 0 0.91 3.205 0 0 0 0.78
0.455 0.455 1.365 0.455 0 1.365 0.455 1.82 0.6825 0 0 0.56875
0.91 0.91 1.365 0.91 0 1.365 0 1.365 0.26 0 0 0.78
3.4 3.4 1.105 0 1.105 1.105 0 4.565 0 0 0 1.0725
10.71 0.455 0.455 1.365 0.455 0 2.21 2.28475 0.6825 0 0 0
2.1 0 0.455 0 0.455 0 0.455 0 0.5525 0 0.455 0
0.455 0.455 0.455 0.455 0 0 0.455 0.91455 0.6825 0 0 0.73125
0.455 0.455 0.455 0.455 0 0.63375 0 1.33 4.1875 0 0 0
0 0.455 0.455 0.455 0.4875 0 0.455 1.40455 0 0 0 0.78
0.455 0 0.455 0.455 0 0 0.455 0.975 2.4 0 0 0
0 0 1.105 0 1.105 0 0 4.3 1.6 0 0 1.0725
0.455 0.455 0.91 0.455 0 0 0.455 3.71975 0.6825 0 0 0
1.105 0 0.91 0.91 1.2675 0 0.91 2.9575 0.9425 0 0 0.78
0.91 0 0.455 0.455 0 0 0.455 0.455 2.4 0 0 0
0.455 0 0 0.34125 0 0 0 0.6825 0.45045 0 0 0.4875
0.91 0 0.455 0 0 0.455 0.91 0.91 0 0 0 0.78
0.91 0 0 0.91 0 0 0 0.034125 2.4 0 0 0.4875
0.91 0 0.91 0.91 0 0 0.455 1.3815 0.8 1.1375 0.455 0.78
0.91 0 0 0.2275 0.455 0 0.2275 0.2275 0.26 0 0 0.78
0.455 0 0.455 0.455 0.455 0 0.455 0.65 0.6825 0 0 1.0725
0.2275 0 0.2275 0.2275 0 0 0 0.455 6.4 0 1.4 0
1.105 0 0 1.4 0.455 0 0.455 0.455 0.8 0 0 0
0.91 0 0.91 0.91 0.91 0 0.91 1.365 0.26 0 0 0.8125
2.21 0 1.105 0.455 0.91 0 0.91 1.21 1.9175 0 0 0
0.455 0 0.455 0 0.455 0 0.455 0.0065 2.1 0 0 0.40625
0.91 0 3.4 0.455 0 0 0.455 1.81 0.8 0 0 0
0.91 0 0.455 0 0 0.455 0 0.9945 3.0825 0 0 0.78
0.455 0 0 0 0 0 0 0.9 1.6 0 0 0
0.455 0 0 0.455 1.365 0 0.455 0 0.6825 0 0 0.4875
0.91 0 0.91 0.91 0.34125 0.91 0 0.97825 0 0 0 0.78
0.91 0 0.91 0.91 0 0 0.91 2.06375 0.6825 0 0 0
1.855 0.455 0 0.455 0.455 0.455 0.455 0.91 0.26 0 0 0.4875
0.455 0 0 0.455 0 0 0.455 0.455 0.6825 0 0 1.0725
0.455 0 0.455 0 0 0 0 0.0728 0 0 0 0.4875
0.455 0 0.455 0.455 0.455 0 0.455 0.6825 0 0 0 0.24375
0.455 0 0.455 0.455 0.4875 0.4875 0.455 0.91 1.2425 0 0 0.4875
0.455 0 0.4875 0.455 0 0 0.455 1.3875 0.26 0 0 0.4875
0.455 0 1.105 1.105 0 0.455 1.105 0.0065 3.2375 0 0 0
1.105 0 0 2.8 0 0 0.455 1.385 1.3525 0 0 0
0.91 0 0.455 0.455 0.455 0 0.91 0.91 0.6825 0 0 0.4875
0.455 0 0.34125 0 0 0 0 0.7 2.7375 0 0 0.284375
0.455 0 0.455 0.455 0 0.455 0.455 10.255 0.6825 0 0 0.4875
1.105 0 1.105 1.105 1.105 0 5.305 3.805 1.9175 0 0 0
1.105 0 0.91 0.91 0.91 0.91 1.365 1.5875 1.2025 0 0 0.4875
0.91 0.91 0 1.105 0 0 0 0.50375 2.92 0 0 0
0.455 0 0.2275 0 0 0 0 0.034125 0.52 0 0 0
0.455 0 0.455 0.455 0 0 0.455 0.50375 1.04 0 0 0
9.8 0 0.455 0.455 0 0.455 0.455 0.914875 0.34125 0 0 0
0.34125 0 0 0.34125 0 0 0.34125 0.4095 0 0 0 0
0.91 0 0.455 1.4 0.455 0 0.455 0.455 2.2825 0 0 0.78
0.91 0 0 0 0 0 0.455 0.58175 0.6825 0 0 0.78
0.455 0.91 0 0.455 0.455 0 0 1.575 1.6 1.1375 0 0.4875
0.34125 0 0.34125 0.34125 0.34125 0 0.34125 0 0 0 0 0
0.91 0 0.455 0.455 0 0 0 0.3 0.39 0 0.455 0.4875
0.34125 0 0.34125 0.34125 0 0 1.05 0.34125 0 0 0 0.4875
0.34125 0 0 0.2275 0.7 0 0.2275 2.44125 0 0 0 0.78
0.91 0 0.91 0 0 0 0 0.9685 0 0 0 0.78
0.455 0 0.455 0.91 0 0 0.455 0.605 0 0 0 1.0725
0.455 0 0.455 0.455 0 0 0.455 1.495 0 0 0 0
0 0 1.105 1.105 0 1.105 0 0.2275 0 0 0 0
0.6825 0 1.105 0.91 1.365 1.365 0.91 4.71475 2.1 0 0 0.78
2.8 0.91 0.91 0.91 0 0.91 0.91 0.45 0.9425 0 0 0.78
0.455 0.455 0 0.455 0 0 0.455 0.965 0 0 0 0
1.105 0 0 0 0 1.105 0 0.99 0.8 0 0 1.0725
0.455 0.455 0.455 0.6825 0 0.4875 0.455 1.82 4.58 0 0 0.56875
0.455 0 0.455 0 0.63375 1.365 0.455 1.15375 3.2 0 0 0.78
1.105 1.105 0.91 2.8 0 0 0.91 0.9 0 0 0 0.4875
0.34125 0.6825 0.34125 0.073125 0 0 0.6825 1.38 1.625 0 0 0.8125
0.455 0.455 0.455 0.455 0 0 0.455 0.5525 0 0.853125 0 0.4875
0.455 0 0.455 0.91 0.975 0 0.91 1.82 0 0 0 0
0 0.455 0.455 0.455 0 0 0.455 1.385 0.6825 0 0 0.8125
0.91 0 0.91 2.8 0 0 2.8 0.9 0.8 0 0 1.2675
1.105 0 1.105 0 0 1.105 0.91 0.51 2.82 0 0 0
0.455 0 0.455 0.455 0 0 0 0 0.975 0 0 0.8125
0.455 0 0.91 0 0 0 0.91 1.36325 0 0 0 0
0.91 0.91 0 0.455 0 0 0.7 0.935 2.6525 1.1375 0 1.0725
1.105 0.91 0.91 0.91 0 0 2.31 5.94 2.7825 0 0 0.4875
0 0 0 0 1.365 1.365 0 2.555 0 0 0 0.4875
0.455 0 0.455 0.455 0.34125 0 0.455 1.36955 0.6825 0 0 0.4875
1.105 0 0 0.2275 0 0 0.2275 0.58175 0.52 0 0 0.78
1.105 0 0 0 0 0 0 0 0 0 0 0
1.4 1.4 0.455 0.455 0.455 0 0.7 0.92 1.6 0.34125 0 0
0.455 0 0.91 0 1.105 0 0.91 0.585 0 0 0 1.0725
0.91 0.455 0.91 0.91 0 0 0.455 1.1515 1.6 0 0 0.4875
0.91 1.105 1.105 0 0.91 0 0.91 1.36 0.9425 0 0 1.0725
0.91 0.91 0 0.91 0 0 0 1.1375 0 0 0 1.0725
20.705 0 0 0.455 0.455 0 0.455 4.2 0 0 0 0
0.455 0 0.455 0.455 0 0 0.455 0.6825 0.6825 0 0 0.78
1.105 0 0.91 0.455 0 0 0.455 3.4 0.9425 0 0 1.0725
1.105 0 0.455 0 0 0 0 1.155 1.7425 0 0 1.0725
0.91 0.91 0 0.455 0 0 0.91 2.31455 5.46 0 0 0
0.455 0 0.455 0.455 0 0 0.455 0.2275 0.56 0.79625 0 0.975
1.105 0.455 0.455 0.455 0.455 0.455 0.455 4.655 0 1.1375 0 0.78
1.105 0 0 0.455 0 0.4875 0.455 1.3715 0 0 0 0
1.105 0 0 0.91 0.91 0 0.91 0.9 0 0 0 0.4875
0.455 0 0 0.2275 0 0 0.2275 1.085 0.34125 0 0 0.365625
1.105 1.105 1.105 0.91 0 0 0.455 6.005 4.8625 0 0 0.4875
0.91 0 0.455 0.91 0.91 0 0.455 0.91 2.685 0 0 1.0725
0.91 0.455 0.455 0 0 0 0 2.324 1.1125 0 0 0.4875
1.105 0.455 0.91 0 0 0 0.455 1.61 4.135 0 0 0
3.4 0 0 0 0 0 0.91 1.8165 3.5 0 0 3.3
0 0.455 0.455 0 0 0 0 2.795 0.6825 0 0 0
1.105 0 0 0.91 0 0 0 2.1 0 0 0 0
1.4 0 0.455 0 0 0 0 1.45 0 0 0 1.0725
1.105 0 0.45045 0.34125 0.34125 0.34125 0.45045 0.42 1.7425 0 0 1.0725
0.455 0 0.455 0.455 0.455 0 0.455 0.845 0.34125 0 0 0.4875
0.91 0 0.455 0.455 0.455 0 0 0.63 3.3 1.1375 0 0.4875
0 0 0 0 0 0 1.105 2.2825 10.7625 0 3.4 2.68125
0.455 0 0 0.455 0 0 0.91 0.455 1.0725 0 0 0.4875
1.105 0 1.105 1.105 0 0 1.105 2.155 2.4 0 0 1.0725
1.105 0 0 0 0 0 0 2.85525 0 0 0 0
2.8 0 0 2.8 0.455 0.455 0.91 1.546 0.975 0 1.4 1.0725
1.105 0 0.91 0.91 0 0 0.91 2.515 0 1.1375 0.91 0.4875
1.4 0 0 0.2275 0 0 0.2275 0 0 0 0 0.78
1.105 0 0.91 0 0.91 0.91 0.91 1.02 0.8 0 0 0.78
0 0 0 0 0 0 0 0.0975 0 0 0 0
0.91 0 0 0 0 0 0 0.3 3.9425 0 0.91 0.4875
1.105 0 0.455 0 0 0 0 2.11 0.8 0 0.455 2.4
1.105 0 0.455 2.8 0 0 4.2 0.5525 2.1525 0 0 1.0725
0.455 0 0.455 0.455 0.455 0 0.455 2.70515 2.1 0 0 0
0.455 0 1.105 1.105 1.365 0 0.455 4.3 2.9 0 0 0
0.91 0.91 0.91 2.8 0 0 0.455 0.625 2 0 0 0.78
0.455 0 0.455 0.455 0.455 0.455 0.455 0.424125 1.6 0 0 0.4875
2.8 0 0.455 1.4 0 0 0.455 0.755 0.26 0 0.455 0
1.105 0 0 0 0 0 0.455 0.3 1.7 0 5.6 0
1.105 0 1.105 1.105 1.105 0 2.015 2.005 2.1 0 0 0
1.105 0 0 0.455 0 0 0 0.45 2.74 0 2.8 0
0.455 0.455 0.455 0 0 0 0.455 0.35105 3.92 0 0 0.4875
0 0.455 0 0.455 0 0 0 0.91455 0.6825 0 0 0.78
